133
132
144
134
143
147
136
131
139
135
136
140
131
131
140
132
139
133
137
140
143
138
138
133
140
136
95
127
142
144
139
141
134
135
95
130
131
94
129
137
125
90
88
123
130
134
139
143
141
130
96
127
131
90
95
130
93
88
116
96
86
90
98
134
129
100
145
99
90
122
118
96
121
120
132
150
96
124
149
93
135
123
128
146
102
152
118
123
149
103
149
156
131
160
153
95
129
120
96
126
155
162
124
123
113
120
96
100
159
157
106
149
156
101
120
114
131
154
104
119
101
142
126
123
154
134
121
124
154
128
152
123
124
130
149
126
153
161
155
113
98
148
129
98
97
123
128
100
117
111
124
100
123
127
117
119
89
96
153
153
124
126
145
152
97
91
125
150
100
124
127
129
123
97
119
97
160
127
130
159
125
124
132
160
128
155
164
162
158
153
102
108
156
116
127
159
132
154
159
156
131
131
156
153
103
155
155
157
117
109
125
155
127
120
121
103
153
126
100
91
92
123
116
127
148
95
108
115
128
148
99
121
155
132
147
93
116
124
96
121
111
89
108
122
125
128
122
125
128
128
144
91
95
152
126
124
